#frames_count 11
frame_time_scale 5.000000
dummy_object Empty
object_root Empty Empty
object_root Icosphere Empty
#static_object Sun
frame 0
transform Empty 1.000000 0.000000 0.000000 -2.878721 0.000000 1.000000 0.000000 0.000000 0.000000 0.000000 1.000000 0.000000 0.000000 0.000000 0.000000 1.000000
frame 1
transform Empty 1.000000 0.000000 0.000000 -2.878721 0.000000 1.000000 0.000000 0.000000 0.000000 0.000000 1.000000 0.000000 0.000000 0.000000 0.000000 1.000000
frame 2
transform Empty 1.000000 0.000000 0.000000 -2.878721 0.000000 0.985224 -0.171271 0.000000 0.000000 0.171271 0.985224 0.000000 0.000000 0.000000 0.000000 1.000000
frame 3
transform Empty 1.000000 0.000000 0.000000 -2.878721 0.000000 0.772179 -0.635405 0.000000 0.000000 0.635405 0.772179 0.000000 0.000000 0.000000 0.000000 1.000000
frame 4
transform Empty 1.000000 0.000000 0.000000 -2.878721 0.000000 0.053048 -0.998592 0.000000 0.000000 0.998592 0.053048 0.000000 0.000000 0.000000 0.000000 1.000000
frame 5
transform Empty 1.000000 0.000000 0.000000 -2.878721 0.000000 -0.842424 -0.538815 0.000000 0.000000 0.538815 -0.842424 0.000000 0.000000 0.000000 0.000000 1.000000
frame 6
transform Empty 1.000000 0.000000 0.000000 -2.878721 0.000000 -0.842424 0.538815 0.000000 0.000000 -0.538815 -0.842424 0.000000 0.000000 0.000000 0.000000 1.000000
frame 7
transform Empty 1.000000 0.000000 0.000000 -2.878721 0.000000 0.053048 0.998592 0.000000 0.000000 -0.998592 0.053048 0.000000 0.000000 0.000000 0.000000 1.000000
frame 8
transform Empty 1.000000 0.000000 0.000000 -2.878721 0.000000 0.772179 0.635405 0.000000 0.000000 -0.635405 0.772179 0.000000 0.000000 0.000000 0.000000 1.000000
frame 9
transform Empty 1.000000 0.000000 0.000000 -2.878721 0.000000 0.985224 0.171271 0.000000 0.000000 -0.171271 0.985224 0.000000 0.000000 0.000000 0.000000 1.000000
frame 10
transform Empty 1.000000 0.000000 0.000000 -2.878721 0.000000 1.000000 -0.000000 0.000000 0.000000 0.000000 1.000000 0.000000 0.000000 0.000000 0.000000 1.000000
